(array([[   1,    2,   63,   62],
       [   2,    3,   64,   63],
       [   3,    4,   65,   64],
       ...,
       [1949, 1950, 2011, 2010],
       [1950, 1951, 2012, 2011],
       [1951, 1952, 2013, 2012]], shape=(1920, 4)), array([[ 0.,  0.],
       [ 1.,  0.],
       [ 2.,  0.],
       ...,
       [58., 32.],
       [59., 32.],
       [60., 32.]], shape=(2013, 2)), array([   1,    2,    3,    4,    5,    6,    7,    8,    9,   10,   11,
         12,   13,   14,   15,   16,   17,   18,   19,   20,   21,   22,
         23,   24,   25,   26,   27,   28,   29,   30,   31,   32,   33,
         34,   35,   36,   37,   38,   39,   40,   41,   42,   43,   44,
         45,   46,   47,   48,   49,   50,   51,   52,   53,   54,   55,
         56,   57,   58,   59,   60,   61,   62,   63,   64,   65,   66,
         67,   68,   69,   70,   71,   72,   73,   74,   75,   76,   77,
         78,   79,   80,   81,   82,   83,   84,  121,  122,  123,  124,
        125,  126,  127,  128,  129,  130,  131,  132,  133,  134,  135,
        136,  137,  138,  139,  140,  141,  142,  143,  181,  182,  183,
        184,  185,  186,  187,  188,  189,  190,  191,  192,  193,  194,
        195,  196,  197,  198,  199,  200,  201,  202,  203,  241,  242,
        243,  244,  245,  246,  247,  248,  249,  250,  251,  252,  253,
        254,  255,  256,  257,  258,  259,  260,  261,  262,  301,  302,
        303,  304,  305,  306,  307,  308,  309,  310,  311,  312,  313,
        314,  315,  316,  317,  318,  319,  320,  321,  322,  361,  362,
        363,  364,  365,  366,  367,  368,  369,  370,  371,  372,  373,
        374,  375,  376,  377,  378,  379,  380,  381,  421,  422,  423,
        424,  425,  426,  427,  428,  429,  430,  431,  432,  433,  434,
        435,  436,  437,  438,  439,  440,  441,  481,  482,  483,  484,
        485,  486,  487,  488,  489,  490,  491,  492,  493,  494,  495,
        496,  497,  498,  499,  500,  541,  542,  543,  544,  545,  546,
        547,  548,  549,  550,  551,  552,  553,  554,  555,  556,  557,
        558,  559,  560,  601,  602,  603,  604,  605,  606,  607,  608,
        609,  610,  611,  612,  613,  614,  615,  616,  617,  618,  619,
        661,  662,  663,  664,  665,  666,  667,  668,  669,  670,  671,
        672,  673,  674,  675,  676,  677,  678,  679,  721,  722,  723,
        724,  725,  726,  727,  728,  729,  730,  731,  732,  733,  734,
        735,  736,  737,  738,  781,  782,  783,  784,  785,  786,  787,
        788,  789,  790,  791,  792,  793,  794,  795,  796,  797,  798,
        841,  842,  843,  844,  845,  846,  847,  848,  849,  850,  851,
        852,  853,  854,  855,  856,  857,  901,  902,  903,  904,  905,
        906,  907,  908,  909,  910,  911,  912,  913,  914,  915,  916,
        917,  961,  962,  963,  964,  965,  966,  967,  968,  969,  970,
        971,  972,  973,  974,  975,  976, 1021, 1022, 1023, 1024, 1025,
       1026, 1027, 1028, 1029, 1030, 1031, 1032, 1033, 1034, 1035, 1036,
       1081, 1082, 1083, 1084, 1085, 1086, 1087, 1088, 1089, 1090, 1091,
       1092, 1093, 1094, 1095, 1141, 1142, 1143, 1144, 1145, 1146, 1147,
       1148, 1149, 1150, 1151, 1152, 1153, 1154, 1155, 1201, 1202, 1203,
       1204, 1205, 1206, 1207, 1208, 1209, 1210, 1211, 1212, 1213, 1214,
       1261, 1262, 1263, 1264, 1265, 1266, 1267, 1268, 1269, 1270, 1271,
       1272, 1273, 1321, 1322, 1323, 1324, 1325, 1326, 1327, 1328, 1329,
       1330, 1331, 1332, 1333, 1381, 1382, 1383, 1384, 1385, 1386, 1387,
       1388, 1389, 1390, 1391, 1392, 1441, 1442, 1443, 1444, 1445, 1446,
       1447, 1448, 1449, 1450, 1451, 1452, 1501, 1502, 1503, 1504, 1505,
       1506, 1507, 1508, 1509, 1510, 1511, 1561, 1562, 1563, 1564, 1565,
       1566, 1567, 1568, 1569, 1570, 1571, 1621, 1622, 1623, 1624, 1625,
       1626, 1627, 1628, 1629, 1630, 1631, 1681, 1682, 1683, 1684, 1685,
       1686, 1687, 1688, 1689, 1690, 1741, 1742, 1743, 1744, 1745, 1746,
       1747, 1748, 1749, 1801, 1802, 1803, 1804, 1805, 1806, 1807, 1808,
       1809]), array([   1,    2,    3,    4,    5,    6,    7,    8,    9,   10,   11,
         12,   13,   14,   15,   16,   17,   18,   19,   20,   21,   22,
         23,   24,   25,   26,   27,   28,   29,   30,   31,   32,   33,
         34,   35,   36,   37,   38,   39,   40,   41,   42,   43,   44,
         45,   46,   47,   48,   49,   50,   51,   52,   53,   54,   55,
         56,   57,   58,   59,   60,   61,   62,   63,   64,   65,   66,
         67,   68,   69,   70,   71,   72,   73,   74,   75,   76,   77,
         78,   79,   80,   81,   82,   83,   84,   85,   86,   87,   88,
         89,   90,   91,   92,   93,   94,   95,   96,   97,   98,   99,
        100,  101,  102,  103,  104,  105,  106,  107,  108,  109,  110,
        111,  112,  113,  114,  115,  116,  117,  118,  119,  120,  121,
        122,  123,  124,  125,  126,  127,  128,  129,  130,  131,  132,
        133,  134,  135,  136,  137,  138,  139,  140,  141,  142,  143,
        144,  145,  146,  147,  184,  185,  186,  187,  188,  189,  190,
        191,  192,  193,  194,  195,  196,  197,  198,  199,  200,  201,
        202,  203,  204,  205,  206,  207,  245,  246,  247,  248,  249,
        250,  251,  252,  253,  254,  255,  256,  257,  258,  259,  260,
        261,  262,  263,  264,  265,  266,  267,  268,  306,  307,  308,
        309,  310,  311,  312,  313,  314,  315,  316,  317,  318,  319,
        320,  321,  322,  323,  324,  325,  326,  327,  328,  367,  368,
        369,  370,  371,  372,  373,  374,  375,  376,  377,  378,  379,
        380,  381,  382,  383,  384,  385,  386,  387,  388,  389,  428,
        429,  430,  431,  432,  433,  434,  435,  436,  437,  438,  439,
        440,  441,  442,  443,  444,  445,  446,  447,  448,  449,  489,
        490,  491,  492,  493,  494,  495,  496,  497,  498,  499,  500,
        501,  502,  503,  504,  505,  506,  507,  508,  509,  510,  550,
        551,  552,  553,  554,  555,  556,  557,  558,  559,  560,  561,
        562,  563,  564,  565,  566,  567,  568,  569,  570,  611,  612,
        613,  614,  615,  616,  617,  618,  619,  620,  621,  622,  623,
        624,  625,  626,  627,  628,  629,  630,  631,  672,  673,  674,
        675,  676,  677,  678,  679,  680,  681,  682,  683,  684,  685,
        686,  687,  688,  689,  690,  691,  733,  734,  735,  736,  737,
        738,  739,  740,  741,  742,  743,  744,  745,  746,  747,  748,
        749,  750,  751,  752,  794,  795,  796,  797,  798,  799,  800,
        801,  802,  803,  804,  805,  806,  807,  808,  809,  810,  811,
        812,  855,  856,  857,  858,  859,  860,  861,  862,  863,  864,
        865,  866,  867,  868,  869,  870,  871,  872,  873,  916,  917,
        918,  919,  920,  921,  922,  923,  924,  925,  926,  927,  928,
        929,  930,  931,  932,  933,  977,  978,  979,  980,  981,  982,
        983,  984,  985,  986,  987,  988,  989,  990,  991,  992,  993,
        994, 1038, 1039, 1040, 1041, 1042, 1043, 1044, 1045, 1046, 1047,
       1048, 1049, 1050, 1051, 1052, 1053, 1054, 1099, 1100, 1101, 1102,
       1103, 1104, 1105, 1106, 1107, 1108, 1109, 1110, 1111, 1112, 1113,
       1114, 1115, 1160, 1161, 1162, 1163, 1164, 1165, 1166, 1167, 1168,
       1169, 1170, 1171, 1172, 1173, 1174, 1175, 1221, 1222, 1223, 1224,
       1225, 1226, 1227, 1228, 1229, 1230, 1231, 1232, 1233, 1234, 1235,
       1236, 1282, 1283, 1284, 1285, 1286, 1287, 1288, 1289, 1290, 1291,
       1292, 1293, 1294, 1295, 1296, 1343, 1344, 1345, 1346, 1347, 1348,
       1349, 1350, 1351, 1352, 1353, 1354, 1355, 1356, 1404, 1405, 1406,
       1407, 1408, 1409, 1410, 1411, 1412, 1413, 1414, 1415, 1416, 1417,
       1465, 1466, 1467, 1468, 1469, 1470, 1471, 1472, 1473, 1474, 1475,
       1476, 1477, 1526, 1527, 1528, 1529, 1530, 1531, 1532, 1533, 1534,
       1535, 1536, 1537, 1538, 1587, 1588, 1589, 1590, 1591, 1592, 1593,
       1594, 1595, 1596, 1597, 1598, 1648, 1649, 1650, 1651, 1652, 1653,
       1654, 1655, 1656, 1657, 1658, 1659, 1709, 1710, 1711, 1712, 1713,
       1714, 1715, 1716, 1717, 1718, 1719, 1720, 1770, 1771, 1772, 1773,
       1774, 1775, 1776, 1777, 1778, 1779, 1780, 1831, 1832, 1833, 1834,
       1835, 1836, 1837, 1838, 1839, 1840, 1892, 1893, 1894, 1895, 1896,
       1897, 1898, 1899, 1900, 1901]), array([[ 34],
       [ 35],
       [ 39],
       ...,
       [678],
       [321],
       [916]], shape=(18931, 1)))
---------------------------------
(array([[33.125001  ,  0.41537503],
       [34.12500076,  0.41537474],
       [38.62500047,  0.41537356],
       ...,
       [17.97040123, 11.03261854],
       [20.90168282,  5.24498728],
       [15.43430626, 15.60881486]], shape=(18931, 2)), array([[-3.02907795e-07, -2.47937097e-07],
       [-1.58323944e-07,  5.27562183e-07],
       [-7.75487151e-07,  3.92794220e-07],
       ...,
       [-7.78820341e-02, -8.95823394e-02],
       [ 3.58526551e-04,  2.01448330e-04],
       [ 3.70552174e-01,  8.97132258e-01]], shape=(18931, 2)), array([0.03167485, 0.03167483, 0.03167475, ..., 0.01562716, 0.01423193,
       0.01692126], shape=(18931,)), array([0.08238077, 0.08238077, 0.08238077, ..., 0.02825396, 0.0257782 ,
       0.0307109 ], shape=(18931,)), array([[-2.75184627e+00, -6.41180043e+00,  1.21183252e-02,
        -2.74909401e+00],
       [-2.75713691e+00, -6.42580738e+00,  8.94854430e-03,
        -2.75488329e+00],
       [-2.77388609e+00, -6.47969576e+00,  6.04392221e-03,
        -2.77607455e+00],
       ...,
       [ 1.73238770e+01, -1.19057757e+02,  4.75435622e+01,
        -3.05201639e+01],
       [-3.41194410e+01, -1.45670607e+02,  7.01687757e+01,
        -5.39370145e+01],
       [ 1.79368165e+00, -8.28062105e+01,  4.90980338e+01,
        -2.43037587e+01]], shape=(18931, 4)), array([[ 0.51154627,  0.0730787 ,  0.05192229, ..., -0.125001  ,
         0.125001  ,  0.874999  ],
       [ 0.51154666,  0.0730786 ,  0.05192216, ..., -0.12500076,
         0.12500076,  0.87499924],
       [ 0.21923464,  0.3653918 ,  0.25960867, ..., -0.62500047,
         0.62500047,  0.37499953],
       ...,
       [ 0.02863331,  0.93874815,  0.03165307, ..., -0.97040123,
         0.97040123,  0.02959877],
       [ 0.07423072,  0.680782  ,  0.22090082, ..., -0.90168282,
         0.90168282,  0.09831718],
       [ 0.22129098,  0.16989415,  0.2644121 , ..., -0.43430626,
         0.43430626,  0.56569374]], shape=(18931, 12)))
---------------------------------
(array([[6.09546244e-01],
       [1.22550008e+00],
       [1.22871902e+00],
       [1.21844941e+00],
       [1.19965059e+00],
       [1.21686622e+00],
       [1.21573661e+00],
       [1.21448707e+00],
       [1.21659012e+00],
       [1.21495833e+00],
       [1.21547402e+00],
       [1.21483114e+00],
       [1.21482521e+00],
       [1.21467235e+00],
       [1.21318646e+00],
       [1.21435633e+00],
       [1.21198184e+00],
       [1.21212375e+00],
       [1.21008589e+00],
       [1.21010156e+00],
       [1.20980779e+00],
       [1.20768004e+00],
       [1.21001966e+00],
       [1.17111678e+00],
       [9.98721327e-01],
       [9.76487000e-01],
       [9.75243978e-01],
       [9.75156524e-01],
       [9.75011407e-01],
       [9.75159961e-01],
       [9.75094677e-01],
       [9.75100627e-01],
       [9.75103665e-01],
       [9.75104310e-01],
       [9.75103463e-01],
       [9.75103640e-01],
       [9.75103809e-01],
       [9.75104121e-01],
       [9.75104242e-01],
       [9.75104238e-01],
       [9.75104543e-01],
       [9.75104554e-01],
       [9.75104466e-01],
       [9.75109821e-01],
       [9.75094544e-01],
       [9.75105774e-01],
       [9.75103483e-01],
       [9.75103790e-01],
       [9.75104019e-01],
       [9.75104198e-01],
       [9.75104364e-01],
       [9.75104459e-01],
       [9.75104570e-01],
       [9.75104670e-01],
       [9.75104420e-01],
       [9.75104510e-01],
       [9.75104373e-01],
       [9.75104514e-01],
       [9.75104200e-01],
       [9.77631793e-01],
       [4.85022876e-01],
       [9.65890380e-01],
       [1.95378855e+00],
       [1.94628805e+00],
       [1.94480952e+00],
       [1.98741347e+00],
       [1.92446598e+00],
       [1.92533729e+00],
       [1.93547148e+00],
       [1.92573721e+00],
       [1.93497990e+00],
       [1.93291059e+00],
       [1.93495193e+00],
       [1.93133914e+00],
       [1.93080126e+00],
       [1.93393013e+00],
       [1.92644742e+00],
       [1.92815059e+00],
       [1.93002282e+00],
       [1.92644539e+00],
       [1.92620219e+00],
       [1.92219849e+00],
       [1.92692162e+00],
       [1.91666608e+00],
       [1.41258440e+00],
       [3.82639387e-01],
       [3.25566272e-01],
       [3.24973049e-01],
       [3.24915419e-01],
       [3.24866240e-01],
       [3.24915098e-01],
       [3.24895029e-01],
       [3.24896658e-01],
       [3.24897263e-01],
       [3.24897331e-01],
       [3.24896706e-01],
       [3.24896461e-01],
       [3.24896219e-01],
       [3.24895972e-01],
       [3.24895764e-01],
       [3.24895624e-01],
       [3.24895632e-01],
       [3.24895598e-01],
       [3.24895443e-01],
       [3.24897517e-01],
       [3.24894429e-01],
       [3.24897516e-01],
       [3.24896567e-01],
       [3.24896293e-01],
       [3.24896074e-01],
       [3.24895890e-01],
       [3.24895768e-01],
       [3.24895635e-01],
       [3.24895482e-01],
       [3.24895442e-01],
       [3.24895566e-01],
       [3.24895689e-01],
       [3.24895715e-01],
       [3.24895941e-01],
       [3.24895949e-01],
       [3.25752998e-01],
       [1.61591377e-01],
       [9.14397866e-01],
       [1.84040452e+00],
       [1.84585115e+00],
       [1.86370427e+00],
       [1.70739848e+00],
       [1.84308582e+00],
       [1.81939761e+00],
       [1.82426404e+00],
       [1.82823635e+00],
       [1.82488633e+00],
       [1.83135161e+00],
       [1.82599020e+00],
       [1.82912374e+00],
       [1.82827843e+00],
       [1.82399137e+00],
       [1.82884631e+00],
       [1.82103502e+00],
       [1.82616773e+00],
       [1.81865655e+00],
       [1.82003096e+00],
       [1.82021781e+00],
       [1.81424762e+00],
       [1.74307452e+00],
       [5.78927621e-01],
       [1.14741910e-03],
       [9.14652334e-01],
       [1.81469123e+00],
       [1.87603601e+00],
       [1.69851008e+00],
       [1.61063655e+00],
       [1.95255890e+00],
       [1.73151625e+00],
       [1.84860989e+00],
       [1.81714660e+00],
       [1.83114081e+00],
       [1.82486105e+00],
       [1.83086122e+00],
       [1.82420244e+00],
       [1.82837828e+00],
       [1.82447042e+00],
       [1.82319112e+00],
       [1.82523154e+00],
       [1.81847576e+00],
       [1.82380105e+00],
       [1.81629302e+00],
       [1.81751230e+00],
       [1.81762095e+00],
       [1.31785806e+00],
       [1.08199759e-01],
       [9.11221523e-01],
       [1.82412958e+00],
       [1.83304691e+00],
       [1.82629509e+00],
       [1.95998261e+00],
       [1.85312281e+00],
       [1.79736164e+00],
       [1.84103404e+00],
       [1.82484023e+00],
       [1.82995593e+00],
       [1.82646185e+00],
       [1.82580088e+00],
       [1.82786271e+00],
       [1.82183881e+00],
       [1.82721020e+00],
       [1.82030357e+00],
       [1.82220640e+00],
       [1.82127740e+00],
       [1.81486310e+00],
       [1.82202587e+00],
       [1.81339177e+00],
       [1.74280877e+00],
       [6.01462957e-01],
       [1.34878978e-03],
       [9.11082923e-01],
       [1.82949144e+00],
       [1.82370366e+00],
       [1.81606070e+00],
       [1.76485559e+00],
       [1.81041264e+00],
       [1.84885021e+00],
       [1.83032168e+00],
       [1.83629149e+00],
       [1.82384727e+00],
       [1.83053231e+00],
       [1.82303733e+00],
       [1.82583340e+00],
       [1.82395633e+00],
       [1.82017124e+00],
       [1.82495337e+00],
       [1.81565676e+00],
       [1.82104122e+00],
       [1.81837714e+00],
       [1.81191044e+00],
       [1.81742292e+00],
       [1.33039794e+00],
       [1.15859985e-01],
       [9.10453112e-01],
       [1.82703080e+00],
       [1.82394772e+00],
       [1.82286709e+00],
       [1.83687994e+00],
       [1.83326696e+00],
       [1.83154837e+00],
       [1.83532869e+00],
       [1.82804540e+00],
       [1.83104002e+00],
       [1.82244392e+00],
       [1.82857941e+00],
       [1.81950035e+00],
       [1.82481812e+00],
       [1.81966008e+00],
       [1.81686423e+00],
       [1.82247406e+00],
       [1.81341705e+00],
       [1.81701837e+00],
       [1.81417658e+00],
       [1.73754009e+00],
       [6.09773139e-01],
       [1.79020726e-03],
       [9.09323015e-01],
       [1.82135818e+00],
       [1.82531498e+00],
       [1.82021745e+00],
       [1.82266015e+00],
       [1.82648838e+00],
       [1.82846517e+00],
       [1.82962567e+00],
       [1.82667788e+00],
       [1.82685101e+00],
       [1.82526016e+00],
       [1.82143019e+00],
       [1.82489384e+00],
       [1.81649665e+00],
       [1.82358781e+00],
       [1.81820240e+00],
       [1.81463870e+00],
       [1.81871251e+00],
       [1.80888757e+00],
       [1.81510194e+00],
       [1.33862874e+00],
       [1.15680416e-01],
       [9.09473741e-01],
       [1.82714977e+00],
       [1.81908168e+00],
       [1.82709457e+00],
       [1.81966634e+00],
       [1.82714482e+00],
       [1.82310332e+00],
       [1.82595815e+00],
       [1.82563793e+00],
       [1.82228417e+00],
       [1.82471175e+00],
       [1.82033901e+00],
       [1.82056301e+00],
       [1.82263007e+00],
       [1.81353164e+00],
       [1.82043695e+00],
       [1.81431321e+00],
       [1.81387190e+00],
       [1.81672724e+00],
       [1.73531512e+00],
       [6.03749825e-01],
       [1.91353190e-03],
       [9.08002872e-01],
       [1.82612896e+00],
       [1.82265449e+00],
       [1.81974017e+00],
       [1.82618869e+00],
       [1.81842252e+00],
       [1.82732618e+00],
       [1.81909177e+00],
       [1.82501887e+00],
       [1.82131598e+00],
       [1.82033246e+00],
       [1.82246501e+00],
       [1.81693409e+00],
       [1.81878519e+00],
       [1.81886938e+00],
       [1.81233471e+00],
       [1.81592800e+00],
       [1.80954264e+00],
       [1.80971755e+00],
       [1.32679884e+00],
       [1.13973213e-01],
       [9.07207951e-01],
       [1.82032239e+00],
       [1.82334790e+00],
       [1.81943839e+00],
       [1.82154651e+00],
       [1.82306940e+00],
       [1.81879904e+00],
       [1.82520647e+00],
       [1.81664576e+00],
       [1.82451104e+00],
       [1.81726568e+00],
       [1.81926026e+00],
       [1.81971756e+00],
       [1.81423440e+00],
       [1.81822318e+00],
       [1.81541312e+00],
       [1.81789139e+00],
       [1.81622667e+00],
       [1.73411282e+00],
       [5.90748984e-01],
       [1.80054077e-03],
       [9.07709375e-01],
       [1.82131958e+00],
       [1.81827566e+00],
       [1.82210613e+00],
       [1.81755529e+00],
       [1.82151469e+00],
       [1.81993513e+00],
       [1.81913686e+00],
       [1.82190874e+00],
       [1.81492754e+00],
       [1.82248115e+00],
       [1.81378348e+00],
       [1.81824454e+00],
       [1.81660489e+00],
       [1.81059018e+00],
       [1.82086245e+00],
       [1.79869563e+00],
       [1.80383389e+00],
       [1.30671892e+00],
       [1.06898527e-01],
       [9.07429029e-01],
       [1.82532180e+00],
       [1.81693318e+00],
       [1.81933076e+00],
       [1.81917787e+00],
       [1.81690095e+00],
       [1.81999398e+00],
       [1.81648010e+00],
       [1.81907077e+00],
       [1.81891599e+00],
       [1.81390002e+00],
       [1.82070219e+00],
       [1.81057029e+00],
       [1.81689385e+00],
       [1.82072232e+00],
       [1.80216988e+00],
       [1.83012126e+00],
       [1.71306020e+00],
       [5.76358491e-01],
       [1.37127612e-03],
       [9.05871106e-01],
       [1.81812780e+00],
       [1.82063957e+00],
       [1.81428670e+00],
       [1.82036238e+00],
       [1.81598104e+00],
       [1.81800949e+00],
       [1.81785340e+00],
       [1.81444166e+00],
       [1.81777140e+00],
       [1.81514262e+00],
       [1.81342233e+00],
       [1.81880961e+00],
       [1.80795139e+00],
       [1.80965808e+00],
       [1.81105322e+00],
       [1.78431946e+00],
       [1.27113557e+00],
       [1.06591825e-01],
       [9.06709712e-01],
       [1.81929740e+00],
       [1.81518170e+00],
       [1.81937696e+00],
       [1.81274010e+00],
       [1.82006418e+00],
       [1.81225766e+00],
       [1.81841936e+00],
       [1.81504740e+00],
       [1.81362049e+00],
       [1.81681402e+00],
       [1.81219737e+00],
       [1.81299809e+00],
       [1.81694807e+00],
       [1.82447385e+00],
       [1.82959243e+00],
       [1.72511305e+00],
       [5.61455066e-01],
       [9.50154201e-04],
       [9.05136554e-01],
       [1.82149778e+00],
       [1.81339553e+00],
       [1.81653194e+00],
       [1.81692403e+00],
       [1.81323829e+00],
       [1.81870036e+00],
       [1.80989807e+00],
       [1.81810054e+00],
       [1.81185333e+00],
       [1.81267083e+00],
       [1.81501898e+00],
       [1.81053020e+00],
       [1.82001880e+00],
       [1.79188331e+00],
       [1.79265166e+00],
       [1.20395855e+00],
       [7.17639534e-02],
       [9.05041711e-01],
       [1.81371653e+00],
       [1.81879588e+00],
       [1.81114300e+00],
       [1.81590092e+00],
       [1.81355697e+00],
       [1.81335455e+00],
       [1.81667328e+00],
       [1.80881761e+00],
       [1.81723955e+00],
       [1.80951964e+00],
       [1.81094275e+00],
       [1.82013139e+00],
       [1.79410506e+00],
       [1.83577470e+00],
       [1.70888039e+00],
       [5.06482941e-01],
       [1.25243667e-04],
       [9.03743260e-01],
       [1.81752473e+00],
       [1.81137956e+00],
       [1.81692758e+00],
       [1.81093270e+00],
       [1.81436533e+00],
       [1.81025902e+00],
       [1.81303965e+00],
       [1.81363461e+00],
       [1.80866890e+00],
       [1.81526633e+00],
       [1.80746231e+00],
       [1.81142407e+00],
       [1.81103660e+00],
       [1.77080931e+00],
       [1.15864705e+00],
       [9.11969128e-02],
       [9.05348676e-01],
       [1.81727322e+00],
       [1.81326424e+00],
       [1.81197436e+00],
       [1.81418009e+00],
       [1.81442337e+00],
       [1.81503653e+00],
       [1.80871160e+00],
       [1.81338172e+00],
       [1.80990384e+00],
       [1.80878848e+00],
       [1.81358894e+00],
       [1.80583599e+00],
       [1.80803660e+00],
       [1.68534952e+00],
       [5.20485928e-01],
       [8.46802972e-04],
       [9.01830368e-01],
       [1.81572032e+00],
       [1.81233051e+00],
       [1.81263417e+00],
       [1.81340363e+00],
       [1.80186907e+00],
       [1.80851528e+00],
       [1.81133524e+00],
       [1.80703303e+00],
       [1.81279364e+00],
       [1.80848398e+00],
       [1.80848549e+00],
       [1.81401183e+00],
       [1.80371241e+00],
       [1.17397050e+00],
       [6.80875352e-02],
       [9.04202496e-01],
       [1.81252037e+00],
       [1.81166415e+00],
       [1.81119996e+00],
       [1.81222866e+00],
       [1.83369400e+00],
       [1.81446718e+00],
       [1.81142547e+00],
       [1.80790855e+00],
       [1.80626006e+00],
       [1.81165008e+00],
       [1.80700361e+00],
       [1.80864903e+00],
       [1.67472828e+00],
       [4.41999347e-01],
       [9.92102835e-05],
       [9.02089127e-01],
       [1.81538909e+00],
       [1.80874632e+00],
       [1.81378481e+00],
       [1.82596827e+00],
       [1.79390894e+00],
       [1.80427927e+00],
       [1.79503987e+00],
       [1.81210703e+00],
       [1.80698939e+00],
       [1.80658123e+00],
       [1.81256089e+00],
       [1.80326486e+00],
       [1.13242279e+00],
       [5.50540218e-02],
       [9.01223777e-01],
       [1.81085806e+00],
       [1.80769485e+00],
       [1.82505350e+00],
       [1.79021444e+00],
       [1.75171072e+00],
       [1.78346119e+00],
       [1.81385782e+00],
       [1.79483083e+00],
       [1.81449559e+00],
       [1.80590683e+00],
       [1.80434062e+00],
       [1.66167870e+00],
       [4.09033304e-01],
       [9.03388706e-01],
       [1.81056632e+00],
       [1.80435499e+00],
       [1.81477652e+00],
       [1.78551201e+00],
       [1.80910582e+00],
       [1.82788756e+00],
       [1.79986492e+00],
       [1.81882805e+00],
       [1.79614663e+00],
       [1.81214047e+00],
       [1.80176194e+00],
       [1.10289488e+00],
       [4.68972247e-02],
       [8.97854418e-01],
       [1.81141861e+00],
       [1.80486969e+00],
       [1.80819610e+00],
       [1.80106908e+00],
       [1.80397151e+00],
       [1.79678913e+00],
       [1.80997091e+00],
       [1.80150107e+00],
       [1.81974460e+00],
       [1.79676305e+00],
       [1.63878242e+00],
       [3.91556258e-01],
       [9.03737996e-01],
       [1.80336603e+00],
       [1.80958364e+00],
       [1.79999326e+00],
       [1.80845315e+00],
       [1.80381612e+00],
       [1.80722316e+00],
       [1.80643309e+00],
       [1.80726074e+00],
       [1.79448530e+00],
       [1.79247738e+00],
       [1.07888738e+00],
       [4.28762655e-02],
       [8.99094523e-01],
       [1.81388595e+00],
       [1.79895750e+00],
       [1.81081698e+00],
       [1.79939558e+00],
       [1.80715345e+00],
       [1.80094956e+00],
       [1.80586179e+00],
       [1.80088119e+00],
       [1.80374004e+00],
       [1.52786163e+00],
       [4.01561147e-01],
       [8.99092894e-01],
       [1.80184408e+00],
       [1.81030307e+00],
       [1.79774375e+00],
       [1.81033953e+00],
       [1.79945621e+00],
       [1.80952457e+00],
       [1.79871073e+00],
       [1.80550163e+00],
       [1.73985726e+00],
       [1.04230739e+00],
       [7.80517553e-02],
       [9.01255928e-01],
       [1.80876470e+00],
       [1.80049437e+00],
       [1.80933553e+00],
       [1.79768659e+00],
       [1.80842866e+00],
       [1.79658588e+00],
       [1.80839537e+00],
       [1.79801209e+00],
       [1.59754686e+00],
       [4.05562590e-01],
       [1.03443678e-04],
       [8.98291745e-01],
       [1.80486890e+00],
       [1.80360536e+00],
       [1.79890148e+00],
       [1.80560296e+00],
       [1.79686110e+00],
       [1.80594016e+00],
       [1.79643470e+00],
       [1.79625049e+00],
       [1.02447722e+00],
       [3.60801402e-02],
       [5.57780938e-01],
       [1.12032534e+00],
       [1.12202932e+00],
       [1.12863681e+00],
       [1.13328948e+00],
       [1.14613615e+00],
       [1.15147494e+00],
       [1.16558122e+00],
       [1.10522879e+00],
       [2.85766252e-01],
       [4.95020199e-03],
       [1.00860544e-02],
       [1.07778958e-02],
       [1.14344927e-02],
       [1.24137016e-02],
       [1.36236731e-02],
       [1.70892154e-02],
       [1.93705104e-02],
       [1.96025810e-02],
       [2.93666660e-03]]), array([[ 0.00000000e+00,  0.00000000e+00],
       [ 0.00000000e+00,  0.00000000e+00],
       [ 0.00000000e+00,  0.00000000e+00],
       ...,
       [-4.16135862e-05, -8.50328122e-05],
       [ 4.36022777e-05, -6.56055393e-05],
       [-4.17498888e-06, -1.83703628e-05]], shape=(643, 2)), array([[ 0.        ,  0.        ],
       [ 0.        ,  0.        ],
       [ 0.        ,  0.        ],
       ...,
       [-0.00989302, -0.00652785],
       [ 0.00775513, -0.00725861],
       [ 0.00083263, -0.00305111]], shape=(643, 2)))
---------------------------------
0.005
---------------------------------
[   1    2    3    4    5    6    7    8    9   10   11   12   13   14
   15   16   17   18   19   20   21   22   23   24   25   26   27   28
   29   30   31   32   33   34   35   36   37   38   39   40   41   42
   43   44   45   46   47   48   49   50   51   52   53   54   55   56
   57   58   59   60   61   62   63   64   65   66   67   68   69   70
   71   72   73   74   75   76   77   78   79   80   81   82   83   84
   85   86   87   88   89   90   91   92   93   94   95   96   97   98
   99  100  101  102  103  104  105  106  107  108  109  110  111  112
  113  114  115  116  117  118  119  120  121  122  123  124  125  126
  127  128  129  130  131  132  133  134  135  136  137  138  139  140
  141  142  143  144  145  146  147  184  185  186  187  188  189  190
  191  192  193  194  195  196  197  198  199  200  201  202  203  204
  205  206  207  245  246  247  248  249  250  251  252  253  254  255
  256  257  258  259  260  261  262  263  264  265  266  267  268  306
  307  308  309  310  311  312  313  314  315  316  317  318  319  320
  321  322  323  324  325  326  327  328  367  368  369  370  371  372
  373  374  375  376  377  378  379  380  381  382  383  384  385  386
  387  388  389  428  429  430  431  432  433  434  435  436  437  438
  439  440  441  442  443  444  445  446  447  448  449  489  490  491
  492  493  494  495  496  497  498  499  500  501  502  503  504  505
  506  507  508  509  510  550  551  552  553  554  555  556  557  558
  559  560  561  562  563  564  565  566  567  568  569  570  611  612
  613  614  615  616  617  618  619  620  621  622  623  624  625  626
  627  628  629  630  631  672  673  674  675  676  677  678  679  680
  681  682  683  684  685  686  687  688  689  690  691  733  734  735
  736  737  738  739  740  741  742  743  744  745  746  747  748  749
  750  751  752  794  795  796  797  798  799  800  801  802  803  804
  805  806  807  808  809  810  811  812  855  856  857  858  859  860
  861  862  863  864  865  866  867  868  869  870  871  872  873  916
  917  918  919  920  921  922  923  924  925  926  927  928  929  930
  931  932  933  977  978  979  980  981  982  983  984  985  986  987
  988  989  990  991  992  993  994 1038 1039 1040 1041 1042 1043 1044
 1045 1046 1047 1048 1049 1050 1051 1052 1053 1054 1099 1100 1101 1102
 1103 1104 1105 1106 1107 1108 1109 1110 1111 1112 1113 1114 1115 1160
 1161 1162 1163 1164 1165 1166 1167 1168 1169 1170 1171 1172 1173 1174
 1175 1221 1222 1223 1224 1225 1226 1227 1228 1229 1230 1231 1232 1233
 1234 1235 1236 1282 1283 1284 1285 1286 1287 1288 1289 1290 1291 1292
 1293 1294 1295 1296 1343 1344 1345 1346 1347 1348 1349 1350 1351 1352
 1353 1354 1355 1356 1404 1405 1406 1407 1408 1409 1410 1411 1412 1413
 1414 1415 1416 1417 1465 1466 1467 1468 1469 1470 1471 1472 1473 1474
 1475 1476 1477 1526 1527 1528 1529 1530 1531 1532 1533 1534 1535 1536
 1537 1538 1587 1588 1589 1590 1591 1592 1593 1594 1595 1596 1597 1598
 1648 1649 1650 1651 1652 1653 1654 1655 1656 1657 1658 1659 1709 1710
 1711 1712 1713 1714 1715 1716 1717 1718 1719 1720 1770 1771 1772 1773
 1774 1775 1776 1777 1778 1779 1780 1831 1832 1833 1834 1835 1836 1837
 1838 1839 1840 1892 1893 1894 1895 1896 1897 1898 1899 1900 1901]
---------------------------------
[   1    2    3    4    5    6    7    8    9   10   11   12   13   14
   15   16   17   18   19   20   21   22   23   24   25   26   27   28
   29   30   31   32   33   34   35   36   37   38   39   40   41   42
   43   44   45   46   47   48   49   50   51   52   53   54   55   56
   57   58   59   60   61   62  122  123  183  184  244  245  305  306
  366  367  427  428  488  489  549  550  610  611  671  672  732  733
  793  794  854  855  915  916  976  977 1037 1038 1098 1099 1159 1160
 1220 1221 1281 1282 1342 1343 1403 1404 1464 1465 1525 1526 1586 1587
 1647 1648 1708 1709 1769 1770 1830 1831 1891 1892 1952 1953 2013]
---------------------------------
[   1    2    3    4    5    6    7    8    9   10   11   12   13   14
   15   16   17   18   19   20   21   22   23   24   25   26   27   28
   29   30   31   32   33   34   35   36   37   38   39   40   41   42
   43   44   45   46   47   48   49   50   51   52   53   54   55   56
   57   58   59   60   61 1953 1954 1955 1956 1957 1958 1959 1960 1961
 1962 1963 1964 1965 1966 1967 1968 1969 1970 1971 1972 1973 1974 1975
 1976 1977 1978 1979 1980 1981 1982 1983 1984 1985 1986 1987 1988 1989
 1990 1991 1992 1993 1994 1995 1996 1997 1998 1999 2000 2001 2002 2003
 2004 2005 2006 2007 2008 2009 2010 2011 2012 2013]
---------------------------------
